1637529355.7618272
1637529355.8618789
1637529355.9463525
1637529356.0464416
1637529356.1622963
1637529356.2623365
1637529356.3846774
1637529356.480463
1637529356.616329
1637529356.7164571
1637529356.8011038
1637529356.9009633
1637529357.032242
1637529357.1477764
1637529357.263506
1637529357.385771
1637529357.4858677
1637529357.632768
1637529357.7326226
1637529357.8326714
1637529357.917301
1637755431.9198196
1637755432.0214396
1637755432.1124976
1637755432.2195776
1637755432.3204515
1637755432.4093018
1637755432.5032606
1637755432.5932057
1637755432.6811516
1637755432.7918875
1637755435.60994
1637755444.2388144
1637755444.3307624
1637755444.4247196
1637755449.0490994
1637755449.1430433
1637755449.2329862
1637755449.322933
1637755449.4128754
1637755449.5075378
1637755449.6024816
1637755452.97771
1637755453.0676544
1637755453.157599
1637755460.6924822
1637755460.7814279
1637755460.8753679
1637755460.96831
1637755461.061253
1637755461.2341475
1637755461.3580706
1637755461.4080389
1637755461.504297
1637755461.601237
1637755487.5995946
1637755487.708401
1637755487.814141
1637755487.9160774
1637755488.0150797
1637755488.1139133
1637755488.2167358
1637755488.322422
1637755488.4260426
1637755488.517091
1637755491.3546774
1637755523.9287286
1637755533.8038597
1637755533.9017966
1637755534.0007365
1637755534.1026733
1637755534.2006125
1637755534.3095474
1637755534.409486
1637755534.5064256
1637755534.6053631
1637755534.707304
1637756018.069528
1637756018.1539304
1637756018.2539985
1637756018.4034107
1637756018.5075183
1637756018.6544113
1637756018.738772
1637756018.854507
1637756019.007927
1637756019.1039145
1637756022.0008163
1637756043.3087828
1637756096.7650359
1637756096.865028
1637756096.99787
1637756097.0980163
1637756097.1966207
1637756097.3123221
1637756097.3969646
1637756097.5660608
1637756097.6817186
1637756097.797315
1637756106.7412925
1637756106.834237
1637756106.9251795
1637756107.0191214
1637756107.1110673
1637756107.203008
1637756107.2969518
1637756107.3908923
1637756107.516685
1637756107.610719
1637756116.786122
1637756116.8780656
1637756116.992649
1637756117.0885878
1637756117.182531
1637756117.2734761
1637756117.3684156
1637756117.4633584
1637756117.556302
1637756117.6512413
1637756123.550949
1637756123.643894
1637756123.7368364
1637756123.8297772
1637756123.9249597
1637756124.0159047
1637756124.1098454
1637756124.264301
1637756124.3562448
1637756124.450188
1637756191.7875402
1637756191.887513
1637756191.9876397
1637756192.0876987
1637756192.2034917
1637756192.2881851
1637756192.526294
1637756192.642006
1637756195.1745882
1637756195.2590232
1637756249.149635
1637756261.4251876
1637756261.5096796
1637756261.6253667
1637756261.7097802
1637756261.8254426
1637756261.909945
1637756262.00999
1637756262.1593444
1637756262.2633016
1637756262.3635497
1637756269.7217512
1637756269.8146956
1637756269.9076357
1637756270.0375576
1637756270.088526
1637756270.2145889
1637756270.3145273
1637756270.4522696
1637756270.544213
1637756270.6461515
1637756327.8812912
1637756327.9968436
1637756328.0966854
1637756328.2137356
1637756328.319154
1637756328.4194455
1637756328.519409
1637756328.6353247
1637756328.7510774
1637756328.8981445
1637756351.720101
1637756351.825039
1637756351.9319715
1637756352.0349076
1637756352.224578
1637756352.3305106
1637756352.4384437
1637756352.5433805
1637756352.642321
1637756352.7502518
1637756357.2039614
1637756357.3208878
1637756357.4268231
1637756357.5367556
1637756357.6406908
1637756357.747627
1637756357.8535619
1637756357.9584954
1637756358.0664287
1637756358.1693647
1637756379.1684358
1637756380.6995018
1637756380.7996047
1637756380.899605
1637756380.9996767
1637756381.0996912
1637756381.2153015
1637756381.3153553
1637756381.3997624
1637756381.49988
1637756425.8172882
1637756433.19021
1637756433.2746212
1637756433.3746336
1637756433.490428
1637756433.5748868
1637756433.6749358
1637756433.7749197
1637756433.9284065
1637756434.0440736
1637756434.1440058
1637756480.904621
1637756480.995567
1637756501.747121
1637756501.845157
1637756501.945191
1637756502.0610194
1637756502.1453962
1637756502.2454426
1637756502.3611455
1637756502.4793203
1637756502.5793524
1637756502.6833982
1637756690.294229
1637756690.4000268
1637756690.5027738
1637756690.6275039
1637756690.73146
1637756690.8333972
1637756690.971329
1637756691.0710492
1637756691.1766722
1637756691.2832963
1637756864.0814953
1637756864.1852446
1637756864.2903156
1637756864.3998902
1637756864.5025182
1637756864.604145
1637756864.7157676
1637756864.813485
1637756864.9202375
1637756865.0278885
1637756881.5051062
1637756881.5990474
1637756881.692988
1637756881.7859323
1637756881.878875
1637756881.9768138
1637756882.0697575
1637756882.1636996
1637756882.2596407
1637756882.352589
1637756933.9526782
1637756934.0914066
1637756934.1921782
1637756934.296932
1637756934.4125733
1637756934.5076077
1637756934.613452
1637756934.71942
1637756934.8200758
1637756934.926797
1637756943.8112
1637756976.8198607
1637756983.9484923
1637756984.0494282
1637756984.1473694
1637756984.2393112
1637756984.340249
1637756984.4421859
1637756984.5401275
1637756984.6520567
1637756984.744
1637756984.8379426
1637756993.749555
1637756993.8424976
1637756993.9364395
1637756994.0293837
1637756995.5379725
1637756995.685881
1637758411.1500835
1637758411.2558315
1637758411.3587325
1637758411.46536
1637758411.5680797
1637758411.7067237
1637758411.8103561
1637758411.9109845
1637758412.018605
1637758412.1213198
1637758820.6113946
1637758820.7093506
1637758820.8532925
1637758820.950231
1637758821.0622895
1637758821.1582687
1637758821.2574272
1637758821.351369
1637758821.471373
1637758821.6149719
1637758821.761276
1637758821.910283
1637758822.0063243
1637758822.1022656
1637758822.2192762
1637758822.357279
1637758822.4532251
1637758822.5511992
1637758822.6642363
1637758822.8092334
1637758822.9493709
1637758823.0652747
1637758823.2063959
1637758823.304336
1637758823.412272
1637758823.5072126
1637758823.608368
1637758823.755264
1637758823.8633637
1637758824.0052674
1637758824.1022675
1637758824.2132688
1637758824.312309
1637758824.4082522
1637758828.4995792
1637758828.6251109
1637758828.7612123
1637758829.064224
1637758829.2452931
1637758829.4122226
1637758829.5212598
1637758829.6642892
1637758829.7702165
1637758916.9554827
1637758917.0504246
1637758917.146182
1637758917.2595103
1637758917.4503922
1637758917.5523036
1637758917.6570086
1637758917.758129
1637758917.9012542
1637758918.0120919
1637758925.8525438
1637758926.035898
1637758926.1808085
1637758926.3177245
1637758926.4666321
1637758926.6049204
1637758926.7039542
1637758926.857434
1637758927.0536458
1637758927.196801
1637758927.342499
1637758927.4574237
1637758927.5955503
1637758927.7081702
1637758927.8505216
1637758927.990437
1637758928.1114192
1637758928.250423
1637758928.3484557
1637758928.4634166
1637758928.6051059
1637758928.746419
1637758928.8595169
1637758929.0015244
1637767718.6479406
1637767718.7852843
1637767718.8863454
1637767718.9950595
1637767719.096694
1637767719.2103045
1637767719.3099327
1637767719.4116542
1637767719.5154111
1637767719.634062
1637767722.5208354
1637767722.6127872
1637767722.705235
1637767722.8021736
1637767722.8951163
1637767722.9960544
1637767723.0929987
1637767723.1889367
1637767723.285876
1637767723.3808196
1637768751.016011
1637768751.1217997
1637768751.2265384
1637768751.3321972
1637768751.4348223
1637768751.540448
1637768751.648077
1637768751.7506933
1637768751.8553178
1637768751.9629405
1637769086.5999825
1637769086.7195969
1637769086.8253272
1637769086.9293654
1637769087.0369806
1637769087.1396008
1637769087.244225
1637769087.35085
1637769087.453567
1637769087.5563216
1637769091.5523846
1637769127.167777
1637769127.2724922
1637769127.3782413
1637769127.4878962
1637769127.5866144
1637769127.6912737
1637769127.7980945
1637769127.9007719
1637769128.0064855
1637769128.114142
1637769162.5394273
1637769162.644211
1637769162.7489624
1637769162.8530169
1637769162.9737277
1637769163.0824494
1637769163.1831996
1637769163.2929811
1637769163.393586
1637769163.502321
1637769176.3868482
1637769176.478793
1637769196.0770772
1637769206.303119
1637769207.316516
1637769216.2509785
1637769219.7139952
1637769219.8413417
1637769265.4780316
1637769265.5866542
1637769265.6875927
1637769265.7912803
1637769265.895904
1637769266.0155191
1637769266.1255016
1637769266.2251508
1637769266.332774
1637769266.4334016
1637769640.5023394
1637769657.1671703
1637769657.280224
1637769657.3929436
1637769677.1689186
1637769815.5886126
1637769815.6785583
1637769815.7725093
1637769815.8634455
1637769815.9543893
1637769816.0443335
1637769816.136032
1637769816.227048
1637769816.3209875
1637769816.412931
1637769819.2392197
1637769819.336159
1637769819.4355836
1637769819.5445144
1637769819.6555371
1637769819.7514772
1637769819.847418
1637769819.9384587
1637769820.034397
1637769820.1443312
1637769824.9087684
1637769824.9987154
1637769825.0876603
1637769825.1816027
1637769825.2747178
1637769825.3659708
1637769825.4569123
1637769825.5498548
1637769825.6517923
1637769825.7447376
1637769832.1071675
1637769832.1961133
1637769832.2860563
1637769832.3790014
1637769832.4719412
1637769832.5608876
1637769832.652832
1637769832.7457728
1637769832.8357182
1637769832.9275181
1637769838.612861
1637769838.701806
1637769838.7927523
1637769838.8846939
1637769952.4259632
1637769952.5179062
1637769952.613846
1637769979.8778868
1637769980.4415998
1637770073.571654
1637770073.768533
1637770074.0453622
1637770074.2882125
1637770106.981601
1637770107.120515
1637770108.1189017
1637770135.5256572
1637770135.7594852
1637770135.871544
1637770136.0009775
1637770136.1046026
1637770136.2073176
1637770136.315976
1637770136.4201157
1637770138.0513072
1637770138.160957
1637770138.2580118
1637770138.3677068
1637770138.4691744
1637770138.577832
1637770138.6814568
1637770138.7840822
1637770138.8867073
1637770138.9973283
1637770171.8076997
1637770171.9506102
1637770172.0535586
1637770172.1644788
1637770172.268414
1637770172.3703535
1637770172.4732876
1637770172.5732281
1637770172.6751657
1637770172.7781003
1637770229.791322
1637770229.9702113
1637770230.0911372
1637770230.2324474
1637770230.3433814
1637770230.4573088
1637770230.576236
1637770230.7011578
1637770230.8170862
1637770230.9440079
1637770231.0599387
1637770231.178866
1637770231.2897966
1637770231.4087217
1637770231.5226536
1637770231.6455755
1637770231.766502
1637770231.8964229
1637770232.0223439
1637770232.1382728
1637770232.2552016
1637770232.4131024
1637770232.4940534
1637770232.6129823
1637770232.7359037
1637770232.8538327
1637770232.9707596
1637770233.0876865
1637770233.201617
1637770233.3235428
1637770233.4384727
1637770233.566392
1637770233.7033079
1637770233.8202357
1637770233.9391627
1637770234.0600872
1637770234.1770158
1637770234.2939444
1637770234.4118729
1637770234.5723748
1637770234.6903048
1637770234.8152251
1637770234.927158
1637770235.0510798
1637770235.1610157
1637770235.2819374
1637770235.3948681
1637770235.517792
1637770235.6367195
1637770235.7616417
1637770235.8875642
1637770236.020482
1637770236.1394088
1637770236.255339
1637770236.3642707
1637770236.4821978
1637770236.5961285
1637770236.724049
1637770236.8379803
1637770236.9599037
1637770237.091822
1637770237.2127473
1637770237.328678
1637770237.4456062
1637770244.6153643
1637770244.734293
1637770244.8592167
1637770245.010121
1637770245.1200552
1637770245.1930094
1637770245.3569076
1637770245.4658425
1637770245.6227434
1637770245.7786481
1637770245.937552
1637770246.0944526
1637770246.216378
1637770246.3822753
1637770246.5371816
1637770246.642115
1637770246.7530472
1637770246.8349967
1637770246.9899027
1637770247.14181
1637770247.2517395
1637770247.3187013
1637770247.5165777
1637770247.6235123
1637770247.7324429
1637770247.8443744
1637770247.9233255
1637770248.0962193
1637770248.1651764
1637770248.2920983
1637770248.4190216
1637770248.5359478
1637770248.6548746
1637770248.781045
1637770248.9019668
1637770249.0248914
1637770249.1448169
1637770249.2657423
1637770249.3876672
1637770249.5125916
1637770249.6325173
1637770249.7524438
1637770249.8713686
1637770249.9922943
1637770250.1039288
1637770250.2169669
1637770250.3328934
1637770250.4558206
1637770250.5747457
1637770250.6907752
1637770250.8351321
1637770250.953061
1637770251.068989
1637770251.1909134
1637770251.3098378
1637770251.4237692
1637770251.5466945
1637770251.664622
1637770332.5216744
1637770332.6366053
1637770332.744538
1637770332.8534703
1637770332.9664001
1637770333.0963209
1637770333.2072523
1637770333.3181846
1637770333.4231198
1637770333.5310545
1637770364.024317
1637770364.131251
1637770364.2451808
1637770364.398085
1637770364.5549872
1637770364.6139522
1637770364.7598617
1637770364.907771
1637770364.967736
1637770365.0776682
1637770408.3131018
1637770436.6793563
1637770436.7762966
1637770436.8802335
1637770436.980171
1637770437.084109
1637770437.1820476
1637770437.2769887
1637770437.3749306
1637770437.4738686
1637770437.5698078
1637770453.9245074
1637770454.0214446
1637770454.120387
1637770454.2173264
1637770454.3132675
1637770454.4122043
1637770454.5111444
1637770454.611083
1637770454.7090213
1637770454.803965
1637770549.7677379
1637770549.8606825
1637770549.953623
1637770550.0475674
1637770550.1754863
1637770550.226456
1637770550.3583758
1637770550.409344
1637770550.5402634
1637770550.6701825
1637770573.1866412
1637770594.819182
1637770594.9121237
1637770595.0050664
1637770595.1369839
1637770595.22493
1637770595.2738996
1637770595.3668437
1637770595.49976
1637770595.591703
1637770595.6872447
1637770628.3263392
1637770636.5780241
1637770636.685774
1637770636.7875152
1637770636.8932636
1637770637.0009184
1637770637.1056345
1637770637.2415993
1637770637.3432965
1637770637.4470108
1637770637.5556629
1637770644.6176696
1637770644.711612
1637770644.8045545
1637770644.8974962
1637770645.0284154
1637770645.1253574
1637770645.218299
1637770645.3364067
1637770645.4297314
1637770645.5241919
1637770651.9451504
1637772930.2585173
1637772930.354457
1637772930.4939666
1637772930.591907
1637772930.6939092
1637772930.7986279
1637772930.8998754
1637772930.99082
1637772931.0988898
1637772931.2020586
1637772971.656317
1637772971.7701015
1637772971.8837485
1637772971.9817948
1637772972.0847304
1637772972.1933737
1637772972.2933106
1637772972.3999994
1637772972.5076213
1637772972.6103644
1637774349.2350643
1637774349.3414953
1637774349.4444308
1637774349.5857763
1637774349.6434913
1637774349.744452
1637774349.8520875
1637774349.9916914
1637774350.0464633
1637774350.1853812
1637774450.5973206
1637774450.742232
1637774450.9101276
1637774451.0690293
1637774451.229931
1637774451.4048245
1637774451.5797155
1637774451.775595
1637774451.834558
1637774451.9834657
1637774461.7793925
1637774461.8973205
1637774462.054223
1637774462.1111872
1637774462.2770844
1637774462.3350492
1637774462.5359251
1637774462.6948283
1637774462.9216888
1637774463.1155696
1637774493.1418478
1637774493.2547786
1637775693.8229742
1637775694.060117
1637775694.1930351
1637775694.3309493
1637775694.4568737
1637775694.5947864
1637775694.7227073
1637775695.653359
1637775695.775284
1637775695.8972068
1637775780.3799326
1637775780.5378356
1637775780.6997359
1637775780.9116056
1637775781.1354673
1637776284.2512524
1637776286.4185963
1637782981.9383435
1637783108.7547245
1637783108.8596568
1637783112.4099455
1637783112.5468593
1637783112.6777804
1637783112.773719
1637783112.8756578
1637783112.970596
1637783113.068047
1637783113.1679852
1637783135.4197762
1637783135.5547695
1637783135.6926832
1637783135.830598
1637783135.9646113
1637783136.097528
1637783136.232462
1637783136.364384
1637783136.5043035
1637783136.6369429
1637783139.4461308
1637783142.162461
1637783142.329437
1637783142.4194767
1637783142.5074284
1637783142.6043787
1637783142.6953223
1637783142.7832708
1637783142.8732147
1637783142.9661555
1637783145.669211
1637783148.405285
1637783148.5022244
1637783148.6171541
1637783148.7130952
1637783148.8020403
1637783148.8920794
1637783148.9910197
1637783149.0799656
1637783149.1744993
1637783229.8229756
1637783264.0606956
1637783264.1166618
1637783264.2855568
1637783264.3794973
1637783264.4304667
1637783264.530405
1637783264.630344
1637783264.7992392
1637783264.8906355
1637783264.9880257
1637783684.1889741
1637784752.4911857
1637784752.5961208
1637784752.7360334
1637784752.871951
1637784753.0138624
1637784753.1627705
1637784753.3376627
1637784753.3956287
1637784753.5375414
1637784753.642476
1637785049.6041455
1637785067.4368937
1637785067.5808046
1637785067.7577057
1637785067.820178
1637785067.9960856
1637785068.0580447
1637785068.1599834
1637785068.3228855
1637785068.3918548
1637785068.4977899
1637785071.3508077
1637785074.0218925
1637785074.1268294
1637785074.2447565
1637785074.3486998
1637785074.449638
1637785074.59168
1637785074.6496463
1637785074.7615771
1637785074.8655214
1637785077.691126
1637785086.6922927
1637785086.853193
1637785087.0140927
1637785087.0860517
1637785087.2404292
1637785087.431311
1637785087.5032668
1637785087.63634
1637785087.7562659
1637785087.8765938
1637785126.1792104
1637785126.3441114
1637785126.4950175
1637785126.6849008
1637785126.87678
1637785127.057669
1637785127.23856
1637785127.2995217
1637785127.4884038
1637785127.5473664
1637785135.69656
1637785511.8088853
1637785511.97076
1637785512.045425
1637785512.155375
1637785512.2653072
1637785512.3642187
1637785512.4798653
1637785512.5785275
1637785512.6801493
1637785512.823751
1637785515.9729378
1637785537.4515312
1637785537.5534697
1637785537.6494195
1637785537.7453709
1637785537.843313
1637785538.0432842
1637785538.0942526
1637785538.3170676
1637785538.4599855
1637785538.5119548
1637785541.2985866
1637785545.944207
1637785546.0511389
1637785546.631464
1637785546.7334027
1637785546.9342792
1637785547.1811259
1637785605.027121
1637785605.1718378
1637785605.235552
1637785605.3392742
1637785605.4468963
1637785605.54853
1637785605.659955
1637785605.7671854
1637785605.8639874
1637785605.9691696
1637785619.6261992
1637785619.7281373
1637785619.865646
1637785619.9626796
1637785620.062619
1637785620.15956
1637785620.259498
1637785620.3574383
1637785620.4563751
1637785620.5633094
1637785668.0807638
1637785670.7193675
1637785670.8265803
1637785671.0061421
1637785672.634792
1637785676.1210742
1637785676.219014
1637785676.3179529
1637785676.42257
1637785676.529195
1637785676.6317458
1637785676.7352462
1637785676.8429437
1637785676.9558737
1637785735.3268101
1637785735.426883
1637785735.52882
1637785735.6327605
1637785735.7386956
1637785735.8396428
1637785735.939581
1637785736.0435224
1637785736.1466124
1637785736.2465513
1637785824.5878053
1637785824.6997366
1637785824.8076692
1637785824.9146132
1637785825.0195553
1637785825.1705575
1637785825.2325196
1637785825.373538
1637785825.5254455
1637785825.6853464
1637785872.8701952
1637785872.998124
1637785873.1250608
1637785873.24899
1637785873.4144638
1637785873.4824202
1637785873.6548293
1637785873.7287827
1637785873.896678
1637785873.966634
1637786062.388185
1637786062.487894
1637786062.597825
1637786062.692765
1637786062.7957022
1637786062.8896437
1637786062.9855852
1637786063.0916748
1637786063.1876154
1637786063.2815585
1637786070.5790577
1637786070.6833172
1637786070.831226
1637786070.931165
1637786071.0256093
1637786071.1215506
1637786071.2164915
1637786071.379675
1637786123.270484
1637786123.370577
1637786123.4765344
1637786123.580278
1637786123.6930938
1637786123.7860382
1637786123.8799784
1637786123.9789178
1637786124.075894
1637786124.171837
1637786895.203866
1637786895.3237915
1637786895.4866922
1637786895.604618
1637786895.779979
1637786895.977857
1637786896.1072085
1637786896.2435417
1637786896.4294295
1637786896.5345418
1637786985.9783707
1637786986.138272
1637786986.2971745
1637786986.4257197
1637786986.5496411
1637786986.6745665
1637786986.798488
1637786986.9244106
1637786987.0533328
1637786987.18625
1637787566.3002915
1637787566.4801884
1637787566.6191022
1637787566.7640128
1637787566.889937
1637787567.0158577
1637787567.1447785
1637787567.272699
1637787567.4285843
1637787567.5714967
1637787579.9889874
1637790395.2682712
1637790395.496136
1637790395.6110628
1637790395.7299871
1637790395.8449147
1637790396.0218048
1637790856.7824259
1637790856.8893604
1637790856.9863
1637790857.08724
1637790857.1851792
1637790857.3302295
1637790857.463695
1637790857.5681255
1637790857.6670668
1637790857.768002
1637790869.688173
1637790869.8124337
1637790869.9543447
1637790870.0532842
1637790870.151222
1637790870.2551582
1637790870.3870766
1637790870.489013
1637790870.5889523
1637790870.6858947
1637842808.8358195
1637842809.2345753
1637842809.341509
1637842809.5333898
1637842809.6373248
1637842809.8571894
1637842810.6796818
1637842810.7976086
1637842810.9215317
1637842811.0464559
1637842814.6816797
1637842815.1214068
1637842815.4192226
1637842815.6131036
1637842868.1370273
1637842868.234966
1637842868.3498955
1637842868.459826
1637842868.5657609
1637842868.6636996
1637842868.7646384
1637842868.8592136
1637842868.9632518
1637842869.0581932
1637842871.8261833
1637842897.9034746
1637842898.0164058
1637843080.2719362
1637843080.4032075
1637843080.519154
1637843080.6415777
1637843080.757466
1637843080.873367
1637843080.973601
1637843081.0894785
1637843081.2053702
1637843081.321168
1637843081.4431565
1637843081.5431592
1637843081.659044
1637843081.7747345
1637843081.9059997
1637843081.9905083
1637843082.0907207
1637843082.2222145
1637843082.3378732
1637843082.4314537
1637843082.560053
1637843082.675991
1637843082.7769945
1637843082.8928113
1637843083.0087762
1637843083.1089127
1637843083.2230296
1637843083.3386402
1637843083.461045
1637843083.6581898
1637843083.8796113
1637843084.0307589
1637843084.1822827
1637843084.3438408
1637843084.4849257
1637843084.6259327
1637843084.7667098
1637843084.9075944
1637843085.0585008
1637843085.2096694
1637843085.3611295
1637843085.512049
1637843085.6831915
1637843085.8444276
1637843085.9953
1637843086.1444871
1637843086.2874413
1637843086.4184954
1637843086.554544
1637843086.6799946
1637843086.7772267
1637843086.895963
1637843086.9961848
1637843087.098907
1637843087.1991098
1637843087.299374
1637843087.3992596
1637843087.499096
1637843088.0157628
1637843240.1379893
1637843240.238079
1637843240.3225536
1637843240.4223995
1637843240.5223093
1637843240.622143
1637843240.7222767
1637843240.8065403
1637843240.9065058
1637843241.0064244
1637843241.1067479
1637843241.2068436
1637843241.3069189
1637843241.4078617
1637843241.5080676
1637843241.608322
1637843241.6917334
1637843241.7919614
1637843241.8919947
1637843241.991984
1637843242.0840385
1637843242.179637
1637843242.2757237
1637843242.376963
1637843242.4617481
1637843242.5642607
1637843242.664626
1637843242.75497
1637843242.855021
1637843242.9549205
1637843243.0549102
1637843243.15511
1637843243.25529
1637843243.3556132
1637843243.4399345
1637843243.5399306
1637843243.640224
1637843243.7404702
1637843243.8403745
1637843243.9404993
1637843244.0407932
1637843286.601541
1637843286.697775
1637843286.7942133
1637843286.8941858
1637843286.9940438
1637843287.078662
1637843287.1787076
1637843287.278807
1637843287.3791347
1637843287.479368
1637843287.57949
1637843287.6794996
1637843287.7949994
1637843287.8952138
1637843287.9796505
1637843288.0796573
1637843288.1796503
1637843288.2795537
1637843288.379656
1637843288.4796646
1637843288.57964
1637843288.679797
1637843288.764278
1637843288.8641136
1637843288.979662
1637843289.0794945
1637843289.1641772
1637843289.2643507
1637843289.3642762
1637843289.4641888
1637843289.5798159
1637843289.679755
1637843289.7643888
1637843289.8802137
1637843289.9804847
1637843290.064959
1637843290.1651828
1637843290.2651772
1637843290.3650887
1637843290.4650505
1637843290.565124
1637843290.6653447
1637843290.7500067
1637843290.8502684
1637843290.9501953
1637843291.0503688
1637843291.1349957
1637843291.2352371
1637843291.3511186
1637843291.4510188
1637843291.550999
1637843291.6510491
1637843291.7513185
1637843291.8357832
1637843291.9356358
1637843292.0357041
1637843292.1358662
1637843292.2515097
1637843292.351447
1637843292.4514837
1637843292.5518095
1637843292.6520002
1637843292.7365437
1637843292.8365831
1637843292.9365513
1637843293.0365696
1637843293.1366522
1637843293.2368598
1637843293.321479
1637843293.437419
1637843293.521887
1637843293.6377437
1637843293.7376857
1637843293.8219051
1637843293.92197
1637843294.0377924
1637843294.137838
1637843294.237813
1637843294.3378637
1637843294.453373
1637843294.5531995
1637843294.6533532
1637843294.7377217
1637843294.8377004
1637843294.9375358
1637843295.0377598
1637843295.1380029
1637843295.237835
1637843295.3690536
1637843486.405741
1637843486.5212538
1637843486.6371598
1637843486.7373884
1637843486.8529706
1637843486.9528496
1637843487.052901
1637843487.1904068
1637843487.2902968
1637843487.4215887
1637843490.2773747
1637843528.1048138
1637843528.2048357
1637843528.3206844
1637843528.4520373
1637843528.5050316
1637843528.6363087
1637843528.683185
1637843528.8208485
1637843528.8669062
1637843529.005732
1637843529.1018097
1637843529.2373326
1637843529.3023942
1637843529.406194
1637843529.5532572
1637843529.5976307
1637843529.738128
1637843529.7835433
1637843529.922886
1637843530.1076314
1637843530.2390058
1637843530.3701897
1637843530.5525556
1637843530.686268
1637843530.740624
1637843530.8706331
1637843531.0086846
1637843531.0664115
1637843531.2026508
1637843531.2499254
1637843531.3561454
1637843531.4877112
1637843531.587567
1637843531.7099364
1637843531.8567214
1637843531.9099545
1637843532.0962162
1637843532.2268934
1637843532.274091
1637843532.397888
1637843532.527281
1637843532.5843217
1637843532.6740081
1637843532.789804
1637843532.9121094
1637843533.0122366
1637843533.1887872
1637843533.2889466
1637843533.4378188
1637843533.4861882
1637843533.6290915
1637843533.678475
1637843533.7761855
1637843533.876304
1637843533.976306
1637843534.0765798
1637843534.1921268
1637843534.2768018
1637843534.3933592
1637843534.496328
1637843534.6006534
1637843534.7148597
1637843534.8151598
1637843534.915435
1637843535.0153124
1637843535.1088338
1637843535.2152839
1637843535.3081808
1637843535.4047859
1637843535.5029898
1637843535.600727
1637843535.6990325
1637843535.7968807
1637843535.894847
1637843535.9937568
1637843536.0938952
1637843536.1947682
1637843536.2794478
1637843536.3795397
1637843536.4798973
1637843536.578697
1637843536.678742
1637843536.778794
1637843536.8790536
1637843536.9790852
1637843537.0634127
1637843537.1793163
1637843537.2640069
1637843537.3781917
1637843537.4784138
1637843537.580237
1637843537.6802576
1637843537.833958
1637843537.9498384
1637843538.0656443
1637843538.1655319
1637843538.2654698
1637843538.3657482
1637843538.465972
1637843538.5659978
1637843538.6662965
1637843538.7663114
1637843538.8505292
1637843538.9503598
1637843539.1011872
1637843539.2191632
1637843565.4652886
1637843595.9876149
1637843596.087654
1637843596.1875532
1637843596.2875085
1637843596.387424
1637843596.4875624
1637843596.5877762
1637843596.6847022
1637843596.7789106
1637843596.8780239
1637843596.9781768
1637843597.0734313
1637843597.1707764
1637843597.2690372
1637843597.3716826
1637843597.4721265
1637843597.604681
1637843597.7359483
1637843597.8358634
1637843597.9357512
1637843598.0358844
1637843598.1357777
1637843598.2357602
1637843598.3827066
1637843598.429155
1637843598.5204983
1637843598.6203485
1637843598.720491
1637843598.8205674
1637843598.9204876
1637843599.0203593
1637843599.1359324
1637843599.2360406
1637843599.335903
1637843599.4358742
1637843599.5360012
1637843599.6359868
1637843599.7362611
1637843599.8361683
1637843599.9361718
1637843600.036177
1637843600.1361089
1637843600.2359545
1637843600.3360283
1637843600.468093
1637843600.5370846
1637843600.6368942
1637843600.7212608
1637843600.8213005
1637843600.9212265
1637843601.0367324
1637843601.1368713
1637843601.2366943
1637843601.3243034
1637843601.424694
1637843601.5252013
1637843601.6371238
1637843601.7683625
1637843601.8684506
1637843601.96833
1637843602.0683665
1637843602.1685874
1637843602.3066032
1637843602.3695402
1637843602.4714122
1637843602.572458
1637843602.6723013
1637843602.7704453
1637843602.8704371
1637843602.969377
1637843603.069662
1637843603.169882
1637843603.2699318
1637843603.370148
1637843603.47015
1637843603.6390963
1637843624.8866205
1637843624.9868877
1637843625.0868318
1637843625.1867025
1637843625.3142939
1637843625.3711185
1637843625.4711196
1637843625.571174
1637843625.718142
1637843625.7870939
1637843626.6204054
1637843627.3529859
1637843628.0954788
1637843628.866568
1637843629.5612648
1637843630.2293544
1637843630.9751456
1637843631.0731778
1637843631.1792104
1637843631.287141
1637843646.9639516
1637843683.8703892
1637843684.0018682
1637843684.0862033
1637843684.1860824
1637843684.2859874
1637843684.3861413
1637843684.486091
1637843684.6240563
1637843684.6717877
1637843684.7719436
1637843685.621
1637843686.3974364
1637843687.119043
1637843687.8784804
1637843688.5938883
1637843689.3698888
1637843690.142094
1637843690.2510273
1637843690.3829446
1637843690.4839067
1637843691.2501628
1637843692.0401745
1637843692.720437
1637843693.429841
1637843694.2005308
1637843694.9759429
1637843695.6929405
1637843695.8309677
1637843695.8869314
1637843696.021848
1637843696.7782176
1637843733.0823853
1637843733.1824877
1637843733.2828038
1637843733.3826914
1637843733.4826968
1637843733.5825398
1637843733.7292
1637843733.7823174
1637843733.8825128
1637843733.9824975
1637843734.8324246
1637843735.562298
1637843735.6682322
1637843735.8001516
1637843735.8561168
1637843735.956053
1637843736.0559916
1637843736.1549304
1637843736.2548685
1637843736.3538077
1637843737.0954316
1637843737.8513086
1637843737.9302568
1637843738.0591798
1637843738.1831012
1637843738.3420043
1637843738.3989673
1637843738.4999053
1637843738.6048412
1637843738.7047808
1637843739.4615512
1637843740.2213771
1637843740.2773416
1637843740.4472375
1637843740.5461762
1637843740.6850927
1637843740.7390594
1637843740.8749745
1637843740.9289415
1637843741.0618598
1637843741.7647884
1637843787.3904717
1637843787.490753
1637843787.5909817
1637843787.6912007
1637843787.7912624
1637843787.8911023
1637843787.9910276
1637843788.0913382
1637843788.1914573
1637843788.305019
1637843788.4448402
1637843788.5008364
1637843788.6075575
1637843788.7032812
1637843788.7923968
1637843788.8927002
1637843788.9938707
1637843789.1032262
1637843789.2101274
1637843789.3104594
1637843789.4154859
1637843789.5190263
1637843789.614019
1637843789.711942
1637843789.80993
1637843789.9093742
1637843790.0096073
1637843790.1121488
1637843790.2122405
1637843790.3092673
1637843790.4470994
1637843790.5059564
1637843790.6094346
1637843790.6939163
1637843790.7941418
1637843790.8939996
1637843790.9942107
1637843791.0945094
1637843791.1943521
1637843791.294383
1637843791.3943872
1637843791.4944315
1637843791.594535
1637843791.6947367
1637843791.7949202
1637843791.9325154
1637843791.9789045
1637843792.07953
1637843792.1794145
1637843792.2792928
1637843792.363806
1637843792.4637418
1637843792.563734
1637843792.6638596
1637843792.764007
1637843792.864152
1637843792.9805856
1637843793.0651822
1637843793.165485
1637843793.2659354
1637843793.3649967
1637843793.465281
1637843793.5652356
1637843793.665165
1637843793.7494233
1637843793.8494148
1637843793.949364
1637843794.049409
1637843794.165238
1637843794.2650824
1637843794.3654087
1637843851.742122
1637843851.8424127
1637843851.942486
1637843852.0426922
1637843852.14293
1637843852.227603
1637843852.3276815
1637843852.4275963
1637843852.5276084
1637843852.6274867
1637843915.8486311
1637844061.0579078
1637844061.2098145
1637844061.3697152
1637844061.5386112
1637844061.7085063
1637844061.8813994
1637844062.0442991
1637844062.2161937
1637844062.388086
1637844062.556982
1637844084.0173695
1637844084.170276
1637844084.321182
1637844084.5070682
1637844084.6819592
1637844084.8668451
1637844085.0352585
1637844085.2291381
1637844085.3870409
1637844085.588915
1637844943.4102015
1637844943.5121381
1637844943.613077
1637844943.7110147
1637844943.8159502
1637844943.9478688
1637844944.0488076
1637844944.156742
1637844944.2766657
1637844944.386597
1637844956.9253445
1637845008.1459594
1637845012.3803453
1637845013.3567472
1637845013.981358
1637845030.02207
1637845030.1231062
1637845030.2280416
1637845030.3319774
1637845030.4339156
1637845030.543847
1637845030.644785
1637845030.7487214
1637845030.8496594
1637845030.9615893
1637845042.8523648
1637845042.9582994
1637845043.0602362
1637845043.163174
1637845043.2671082
1637845043.3830366
1637845043.499965
1637845043.6108954
1637845043.7108347
1637845043.8147717
1637845161.7077842
1637845161.837704
1637845161.8896723
1637845161.9856117
1637845162.1145332
1637845162.1675053
1637845162.29642
1637845162.3473892
1637845162.4433315
1637845162.5392735
1637845193.1740098
1637845193.537784
1637845193.92455
1637845194.3113117
1637845194.6730833
1637845195.1757727
1637845195.531558
1637845195.9133234
1637845196.2851148
1637845206.4844904
1637845206.5802994
1637845206.6772387
1637845206.7753327
1637845206.8722718
1637845206.97121
1637845207.1122036
1637845207.2081463
1637845207.3040884
1637845207.4030259
1637845239.9353395
1637845240.0692556
1637845240.121225
1637845240.3071113
1637845240.4070475
1637845240.58494
1637845240.695869
1637845240.8507817
1637845241.0316632
1637845241.1315992
1637850934.174706
1637850934.369586
1637850934.5624688
1637850934.68739
1637850934.7993217
1637850934.9182467
1637850935.0381734
1637850935.1531017
1637850935.273028
1637850935.3899572
1637850938.3009727
1637851223.229037
1637851223.3288648
1637851223.4511256
1637851223.5824547
1637851223.6979215
1637851223.8135996
1637851223.95152
1637851224.0518305
1637851224.1829517
1637851224.298642
1637851227.6983137
1637859328.109813
1637859328.2647185
1637859328.4136252
1637859328.5545413
1637859328.688457
1637859328.8083827
1637859328.9183145
1637859329.0402389
1637859329.179155
1637859329.3300605
1637859388.4216568
1637859388.5216832
1637859388.6376173
1637859388.753156
1637859388.8533702
1637859388.9534774
1637859389.0536494
1637859389.1380274
1637859389.2383382
1637859389.338511
1637859400.0360537
1637859447.9935074
1637859448.1314204
1637859448.1853888
1637859448.2903233
1637859448.4052532
1637859448.5161834
1637859448.6131232
1637859448.7110624
1637859448.8090034
1637859448.9049444
1637859461.841679
1637859461.938621
1637859462.03656
1637859462.130501
1637859462.2264435
1637859462.3203855
1637859462.4303155
1637859462.5422459
1637859462.6491814
1637859462.7621121
1637860177.038375
1637860177.1373136
1637860177.2332542
1637860177.3281977
1637860177.4241385
1637860177.5420637
1637860177.6559947
1637860177.7599297
1637860177.9116993
1637860178.0107327
1637860180.7632523
1637929502.046524
1637929502.2154992
1637929502.3153431
1637929502.4312081
1637929502.5470874
1637929502.6476045
1637929502.758819
1637929502.8697267
1637929502.9854012
1637929503.085537
1637930197.2681358
1637930197.38244
1637930197.4920025
1637930197.6043565
1637930197.7163525
1637930197.8275928
1637930197.937703
1637930198.053389
1637930198.1657367
1637930198.2609239
1637933832.7131436
1637933832.811081
1637933832.9030244
1637933832.9939685
1637933833.0799153
1637933833.1688607
1637933833.2528105
1637933833.3467503
1637933833.4396935
1637933833.5356345
1637933863.421896
1637933863.5678043
1637933865.8553922
1638474672.2050738
1638474672.323001
1638474672.412946
1638474672.5128827
1638474672.6028273
1638474677.3648953
1638474677.4668329
1638474677.5667715
1638474677.6637118
1638474677.752657
1638474680.7550683
1638474812.4794145
1638474812.5619342
1638474812.639733
1638474812.7228994
1638474812.8318202
1638474812.9116845
1638474813.009343
1638474813.1220806
1638474813.2314796
1638474813.327848
1638474818.013587
1638474818.0885425
1638474818.2106416
1638474818.2845936
1638474818.3575485
1638474818.4355013
1638474818.509456
1638474818.5834095
1638474818.6783526
1638474818.750307
1638474845.925808
1638474846.0050712
1638474846.1012042
1638474846.197889
1638474846.2613842
1638474846.3426094
1638474846.4259083
1638474846.5026603
1638474846.5969117
1638474846.6819003
1638557226.3796585
1638557226.6103716
1638557226.7105825
1638557226.8105958
1638557235.0031598
1638557235.1034853
1638557235.2033522
1638557235.3031764
1638557235.4190283
1638557235.5191908
1638557239.9964836
1638557240.102418
1638557240.200358
1638557240.3002968
1638557243.3663692
1638557268.123165
1638557268.2241027
1638557268.3200436
1638557268.420983
1638557268.52192
1638557268.6198606
1638557268.721798
1638557268.8137412
1638557268.9086828
1638557269.0076227
1638557282.9925117
1638557283.0944479
1638557283.197384
1638557283.2973235
1638557283.3852684
1638557283.4912076
1638557283.589146
1638557283.7010753
1638557283.797017
1638557283.8929596
1638557329.7773225
1638557329.8572893
1638557329.9347758
1638557330.0107265
1638557330.111664
1638557330.1526418
1638557330.2295947
1638557330.3075445
1638557330.3844998
1638557330.465448
1638557357.215372
1638557357.2997365
1638557357.3686783
1638557357.4468846
1638557357.5372562
1638557357.615787
1638557357.684798
1638557357.7846408
1638557357.8545902
1638557357.9274406
1638557387.6336403
1638557387.7105966
1638557387.785547
1638557387.8575027
1638557387.9484475
1638557388.0234025
1638557388.1173458
1638557388.194298
1638557388.290243
1638557388.391176
1638557496.4864285
1638557496.5324137
1638557496.6333234
1638557496.7175868
1638557496.817769
1638557496.917977
1638557497.0025942
1638557497.1151435
1638557497.2030702
1638557497.3033519
1638557507.8555477
1638557507.948491
1638557508.0544257
1638557508.142372
1638557508.2433112
1638557508.331256
1638557508.4331934
1638557508.533133
1638557508.6340709
1638557508.729012
1638557596.7098372
1638557596.8167715
1638557596.9087155
1638557597.0046568
1638557597.1065943
1638557597.204534
1638557597.307471
1638557597.4124067
1638557597.5293348
1638557597.6332715
1638557677.6395397
1638557677.7354805
1638557677.8234265
1638557677.919368
1638557678.0193067
1638557678.106254
1638557678.191201
1638557678.2821453
1638557678.378086
1638557678.4920182
1638557703.5713904
1638557729.0798974
1638557729.25479
1638557729.3527305
1638557729.4386775
1638557729.5286229
1638557729.621566
1638557729.71151
1638557729.8034546
1638557729.893399
1638557729.9913404
1638557787.9319243
1638557788.03686
1638557788.2167497
1638557788.2607222
1638557788.3596618
1638557788.4625998
1638557788.5535455
1638557788.6584802
1638557788.7604187
1638557788.8663526
1638557798.9200785
1638557799.0140212
1638557799.1129606
1638557799.2059045
1638557799.3048425
1638557799.3977854
1638557799.497726
1638557799.6026616
1638557799.6896071
1638557799.79954
1638557802.6264555
1638557802.7303913
1638557802.8253348
1638557802.9222734
1638557803.0152166
1638557803.1101587
1638557803.204103
1638557803.310037
1638557803.4059772
1638557803.5069153
1638557806.8549361
1638557806.9588723
1638557807.052814
1638557807.152754
1638557807.2466967
1638557807.3376396
1638557807.4375799
1638557807.5315216
1638557807.6324584
1638557807.726401
1638643740.1375437
1638643740.253323
1638643740.337778
1638643740.4224422
1638643740.6385617
1638643740.8386884
1638643779.0335484
1638643779.1194937
1638643779.2014425
1638643779.2923875
1638643779.3813336
1638643779.4572868
1638643779.5352395
1638643779.6161873
1638643779.7141278
1638643779.7920804
1638643838.0170002
1638643838.0910647
1638643838.1690154
1638643838.2449682
1638643838.3189232
1638643838.389879
1638643838.4628375
1638643838.5547771
1638643838.6287336
1638643838.7026858
1638643839.5346086
1638643839.607563
1638643839.6855142
1638643839.759471
1638643839.8324246
1638643839.9123755
1638643839.9913251
1638643840.0682788
1638643840.14623
1638643840.223184
1638643840.9404585
1638643841.0264046
1638643841.1023598
1638643841.1773107
1638643841.250266
1638643841.3243315
1638643841.397288
1638643841.472242
1638643841.544196
1638643841.6181505
1638643846.5343122
1638643846.68622
1638643846.7411847
1638643846.7941537
1638643846.833131
1638643846.9390633
1638643846.995031
1638643847.0489979
1638643847.0849729
1638643847.1739204
1638643847.8783915
1638643847.9133706
1638643848.0023174
1638643848.1102479
1638643848.1632154
1638643848.2161827
1638643848.2521608
1638643848.3441036
1638643848.397072
1638643848.4350505
1638643849.1419985
1638643849.213576
1638643849.2935264
1638643849.36948
1638643849.4404356
1638643849.5154443
1638643849.589398
1638643849.6603625
1638643849.7333093
1638643849.8062654
1638643850.5063946
1638643850.5803483
1638643850.654302
1638643907.499991
1638643907.5779412
1638643907.6598904
1638643907.736845
1638643907.8167963
1638643907.9027414
1638643907.9816918
1638643908.0786345
1638643908.1535866
1638643908.22954
1638643908.9755015
1638643909.0554519
1638643909.1324043
1638643909.2103562
1638643909.2883084
1638643909.3662617
1638643909.4462893
1638643909.5252416
1638643909.6061924
1638643909.6911385
1638643921.932592
1638643922.0495188
1638643922.1024857
1638643922.19543
1638643922.2953687
1638643922.397305
1638643922.491246
1638643922.5861883
1638643922.6661396
1638643922.7470894
1638643923.4750257
1638643923.5824676
1638643923.6224432
1638643923.7095332
1638643923.7884974
1638643928.2158115
1638643928.2957625
1638643928.3967004
1638643928.4966393
1638643928.5945776
1638643928.6935194
1638643928.7754672
1638643928.853419
1638643943.833834
1645860303.5070584
1645860303.668319
1645860303.764259
1645860303.8411746
1645860303.9213078
1645860303.9970586
1645860304.0691686
1645860304.1765745
1645860304.273637
1645860304.379573
1647174467.1008084
1647174467.1847928
1647174467.2758367
1647174467.367229
1647174467.4518275
1647174467.5284367
1647174467.6038728
1647174467.678433
1647174467.7525437
1647174467.8302963
1647174470.3398128
1647174470.4177644
1647174470.491725
1647174470.5622687
1647174470.6356215
1647174470.7102258
1647174470.7827208
1647174470.8513503
1647174470.9224772
1647174762.3869102
1647175135.8084724
1647175135.8888655
1647175135.9618373
1647175136.0379786
1647175136.1080942
1647175136.1859574
1647175136.2661545
1647175136.3524833
1647175136.4268634
1647175136.5022337
1647175137.3779712
1647175137.4140642
1647175195.1627934
1647175195.2522793
1647175195.3467648
1647175195.4143267
1647175195.512768
1647175195.6308608
1647175195.6662297
1647175195.7870808
1647175195.8896477
1647175195.990654
1647176139.1233673
1647176139.1983564
1647176139.2733696
1647176139.3433259
1647176139.424652
1647176139.4936104
1647176139.5635664
1647176139.6315887
1647176139.7149923
1647176139.783951
1647176140.6823974
1647176140.7553535
1647176140.8273096
1647176140.900264
1647176140.9752192
1647176396.0053127
1647176396.0782678
1647176396.159336
1647176396.227293
1647176396.3043785
1647176396.3794582
1647176396.4552333
1647176396.52835
1647176396.597306
1647176396.6672647
1647176397.5290852
1647176397.5990427
1647176397.6690009
1647176993.7250524
1647176993.8159952
1647176993.9079394
1647176993.9978838
1647176994.0888274
1647176994.172776
1647176994.2657204
1647176994.3556645
1647176994.442614
1647176994.5335534
1647176995.6478412
1647176995.6798232
1647176995.7517788
1647176995.8219266
1647176995.8939762
1647176995.9599373
