1637529355.7618272
1637529355.8618789
1637529355.9463525
1637529356.0464416
1637529356.1622963
1637529356.2623365
1637529356.3846774
1637529356.480463
1637529356.616329
1637529356.7164571
1637529356.8011038
1637529356.9009633
1637529357.032242
1637529357.1477764
1637529357.263506
1637529357.385771
1637529357.4858677
1637529357.632768
1637529357.7326226
1637529357.8326714
1637529357.917301
1637755455.9223928
1637755455.9223928
1637755455.9223928
1637755455.9223928
1637755502.0060918
1637755502.0060918
1637755502.0060918
1637755502.0060918
1637755502.0060918
1637755502.0060918
1637756047.8949826
1637756168.121568
1637756266.312314
1637756266.312314
1637756266.312314
1637756266.312314
1637756266.312314
1637756266.312314
1637756266.312314
1637756266.312314
1637756321.8759212
1637756321.8759212
1637756321.8759212
1637756321.8759212
1637756321.8759212
1637756321.8759212
1637756321.8759212
1637756385.8413148
1637756385.8413148
1637756385.8413148
1637756385.8413148
1637756438.496486
1637756438.496486
1637756438.496486
1637756438.496486
1637756505.5048983
1637756505.5048983
1637756505.5048983
1637756505.5048983
1637756505.5048983
1637756505.5048983
1637756694.1160364
1637756694.1160364
1637756694.1160364
1637756694.1160364
1637756694.1160364
1637756694.1160364
1637756869.0566738
1637756869.0566738
1637756869.0566738
1637756869.0566738
1637756869.0566738
1637756869.0566738
1637756938.8520126
1637756938.8520126
1637756938.8520126
1637756938.8520126
1637756938.8520126
1637756938.8520126
1637756938.8520126
1637756938.8520126
1637756938.8520126
1637756938.8520126
1637756974.6068485
1637756974.6068485
1637756974.6068485
1637756974.6068485
1637756974.6068485
1637756974.6068485
1637756974.6068485
1637756974.6068485
1637756974.6068485
1637756974.6068485
1637756974.6068485
1637756974.6068485
1637756974.6068485
1637758415.2567017
1637758415.2567017
1637758415.2567017
1637758415.2567017
1637758415.2567017
1637758415.2567017
1637758415.2567017
1637758415.2567017
1637758415.2567017
1637758415.2567017
1637758827.4622383
1637758827.4622383
1637758827.4622383
1637766691.4170616
1637766691.4170616
1637766691.4170616
1637766691.4170616
1637766691.4170616
1637766691.4170616
1637766691.4170616
1637766691.4170616
1637766691.4170616
1637766825.5297155
1637766825.5297155
1637766825.5297155
1637766825.5297155
1637766825.5297155
1637766825.5297155
1637766825.5297155
1637766825.5297155
1637766825.5297155
1637766825.5297155
1637766825.5297155
1637766825.5297155
1637766825.5297155
1637766825.5297155
1637766825.5297155
1637767175.8479407
1637767605.9745386
1637767674.1177845
1637767727.2322676
1637767727.2322676
1637767727.2322676
1637767727.2322676
1637767727.2322676
1637767727.2322676
1637767727.2322676
1637767727.2322676
1637767727.2322676
1637767727.2322676
1637769092.059073
1637769092.059073
1637769176.6137104
1637769176.6137104
1637769176.6137104
1637769176.6137104
1637769176.6137104
1637769176.6137104
1637769176.6137104
1637769176.6137104
1637769176.6137104
1637769176.6137104
1637769176.6137104
1637769176.6137104
1637769176.6137104
1637769176.6137104
1637769176.6137104
1637769176.6137104
1637769176.6137104
1637769263.961511
1637769263.961511
1637769289.3220701
1637769289.3220701
1637769289.3220701
1637769692.3479245
1637769692.3479245
1637769692.3479245
1637769692.3479245
1637769692.3479245
1637769692.3479245
1637769692.3479245
1637769692.3479245
1637769692.3479245
1637769692.3479245
1637769692.3479245
1637769692.3479245
1637769838.5239184
1637769838.5239184
1637769838.5239184
1637769838.5239184
1637769838.5239184
1637769838.5239184
1637769838.5239184
1637769838.5239184
1637769838.5239184
1637769838.5239184
1637769838.5239184
1637769897.6341333
1637769897.6341333
1637769897.6341333
1637769897.6341333
1637769897.6341333
1637769897.6341333
1637769897.6341333
1637769897.6341333
1637769897.6341333
1637769897.6341333
1637769897.6341333
1637769897.6341333
1637769897.6341333
1637769897.6341333
1637769897.6341333
1637769897.6341333
1637769897.6341333
1637769897.6341333
1637769897.6341333
1637769897.6341333
1637770176.558409
1637770176.558409
1637770176.558409
1637770176.558409
1637770176.558409
1637770176.558409
1637770176.558409
1637770176.558409
1637770176.558409
1637770176.558409
1637770176.558409
1637770176.558409
1637770176.558409
1637770239.1615477
1637770239.1615477
1637770239.1615477
1637770239.1615477
1637770239.1615477
1637770239.1615477
1637770239.1615477
1637770239.1615477
1637770239.1615477
1637770239.1615477
1637770239.1615477
1637770239.1615477
1637770239.1615477
1637770328.5444863
1637770328.5444863
1637770328.5444863
1637770328.5444863
1637770328.5444863
1637770328.5444863
1637770328.5444863
1637770328.5444863
1637770328.5444863
1637770328.5444863
1637770444.6644957
1637770444.6644957
1637770444.6644957
1637770444.6644957
1637770444.6644957
1637770444.6644957
1637770444.6644957
1637770444.6644957
1637770444.6644957
1637770444.6644957
1637770444.6644957
1637770532.7161405
1637770532.7161405
1637770532.7161405
1637770532.7161405
1637770532.7161405
1637770532.7161405
1637770532.7161405
1637770532.7161405
1637770532.7161405
1637770532.7161405
1637770532.7161405
1637770532.7161405
1637770532.7161405
1637770532.7161405
1637770532.7161405
1637770532.7161405
1637770532.7161405
1637770532.7161405
1637770532.7161405
1637770659.4738047
1637770659.4738047
1637770659.4738047
1637770659.4738047
1637770659.4738047
1637770659.4738047
1637770659.4738047
1637770659.4738047
1637770659.4738047
1637770659.4738047
1637772900.145585
1637772900.145585
1637772900.145585
1637772900.145585
1637772900.145585
1637772937.8120344
1637772937.8120344
1637772937.8120344
1637772937.8120344
1637772937.8120344
1637772937.8120344
1637772937.8120344
1637772937.8120344
1637772937.8120344
1637772937.8120344
1637774354.5461824
1637774354.5461824
1637774354.5461824
1637774354.5461824
1637774354.5461824
1637774354.5461824
1637774354.5461824
1637774354.5461824
1637774354.5461824
1637774354.5461824
1637774354.5461824
1637774446.585429
1637774446.585429
1637774446.585429
1637774446.585429
1637774446.585429
1637774446.585429
1637774446.585429
1637774446.585429
1637774446.585429
1637774446.585429
1637774446.585429
1637774446.585429
1637775694.9135911
1637775694.9135911
1637775694.9135911
1637776297.9830215
1637776297.9830215
1637782927.291739
1637782927.291739
1637782927.291739
1637782927.291739
1637782927.291739
1637782927.291739
1637782927.291739
1637782927.291739
1637782927.291739
1637782927.291739
1637782927.291739
1637782927.291739
1637782927.291739
1637782927.291739
1637782927.291739
1637782927.291739
1637782927.291739
1637782927.291739
1637782927.291739
1637782927.291739
1637782927.291739
1637782927.291739
1637782927.291739
1637782927.291739
1637782927.291739
1637782927.291739
1637782927.291739
1637783615.6688359
1637783615.6688359
1637783663.2123165
1637783663.2123165
1637783663.2123165
1637783663.2123165
1637783663.2123165
1637783663.2123165
1637783663.2123165
1637783663.2123165
1637783663.2123165
1637783663.2123165
1637783663.2123165
1637783663.2123165
1637783663.2123165
1637783663.2123165
1637783850.8769503
1637783850.8769503
1637783850.8769503
1637783850.8769503
1637783850.8769503
1637783850.8769503
1637783850.8769503
1637783850.8769503
1637783850.8769503
1637785130.4553516
1637785130.4553516
1637785130.4553516
1637785130.4553516
1637785130.4553516
1637785130.4553516
1637785130.4553516
1637785130.4553516
1637785130.4553516
1637785130.4553516
1637785130.4553516
1637785520.8364177
1637785520.8364177
1637785520.8364177
1637785520.8364177
1637785520.8364177
1637785520.8364177
1637785520.8364177
1637785520.8364177
1637785520.8364177
1637785520.8364177
1637785520.8364177
1637785520.8364177
1637785520.8364177
1637785520.8364177
1637785609.837915
1637785609.837915
1637785609.837915
1637785609.837915
1637785609.837915
1637785609.837915
1637785609.837915
1637785609.837915
1637785609.837915
1637785609.837915
1637785665.6683562
1637785665.6683562
1637785665.6683562
1637785665.6683562
1637785665.6683562
1637785665.6683562
1637785665.6683562
1637785665.6683562
1637785665.6683562
1637785665.6683562
1637785739.190549
1637785739.190549
1637785739.190549
1637785739.190549
1637785739.190549
1637785739.190549
1637785739.190549
1637785739.190549
1637785739.190549
1637785739.190549
1637785828.4609601
1637785828.4609601
1637785828.4609601
1637785828.4609601
1637785828.4609601
1637785828.4609601
1637785828.4609601
1637785828.4609601
1637785828.4609601
1637785828.4609601
1637785828.4609601
1637785876.8378928
1637785876.8378928
1637785876.8378928
1637785876.8378928
1637785876.8378928
1637785876.8378928
1637785876.8378928
1637785876.8378928
1637785876.8378928
1637785876.8378928
1637786050.976668
1637786050.976668
1637786050.976668
1637786050.976668
1637786050.976668
1637786050.976668
1637786050.976668
1637786050.976668
1637786050.976668
1637786050.976668
1637786050.976668
1637786050.976668
1637786129.0240653
1637786129.0240653
1637786129.0240653
1637786129.0240653
1637786129.0240653
1637786129.0240653
1637786129.0240653
1637786129.0240653
1637786129.0240653
1637786129.0240653
1637786990.282337
1637786990.282337
1637786990.282337
1637786990.282337
1637786990.282337
1637786990.282337
1637786990.282337
1637786990.282337
1637786990.282337
1637786990.282337
1637786990.282337
1637787570.5191584
1637787570.5191584
1637787570.5191584
1637787570.5191584
1637787570.5191584
1637787570.5191584
1637787570.5191584
1637787570.5191584
1637787570.5191584
1637787570.5191584
1637787570.5191584
1637790852.771192
1637790852.771192
1637790852.771192
1637790852.771192
1637790852.771192
1637842743.4855428
1637842743.4855428
1637842743.4855428
1637842743.4855428
1637842743.4855428
1637842743.4855428
1637842743.4855428
1637842743.4855428
1637842743.4855428
1637842743.4855428
1637842743.4855428
1637842743.4855428
1637842743.4855428
1637843108.5712337
1637843108.5712337
1637843108.5712337
1637843108.5712337
1637843108.5712337
1637843108.5712337
1637843108.5712337
1637843108.5712337
1637843108.5712337
1637843108.5712337
1637843108.5712337
1637843244.225306
1637843244.225306
1637843244.225306
1637843244.225306
1637843244.225306
1637843244.225306
1637843244.225306
1637843244.225306
1637843244.225306
1637843244.225306
1637843244.225306
1637843244.225306
1637843295.638124
1637843295.638124
1637843295.638124
1637843295.638124
1637843295.638124
1637843295.638124
1637843295.638124
1637843295.638124
1637843295.638124
1637843295.638124
1637843647.068887
1637843794.5499728
1637843794.5499728
1637843794.5499728
1637843794.5499728
1637843794.5499728
1637843794.5499728
1637843794.5499728
1637843794.5499728
1637843794.5499728
1637843794.5499728
1637843861.1694825
1637843861.1694825
1637843861.1694825
1637843861.1694825
1637843861.1694825
1637843861.1694825
1637843861.1694825
1637843861.1694825
1637843861.1694825
1637843861.1694825
1637843861.1694825
1637843861.1694825
1637843861.1694825
1637844056.5140154
1637844056.5140154
1637844056.5140154
1637844056.5140154
1637844056.5140154
1637844056.5140154
1637844056.5140154
1637844056.5140154
1637844056.5140154
1637844056.5140154
1637844056.5140154
1637844935.859873
1637844935.859873
1637844935.859873
1637844935.859873
1637844935.859873
1637844935.859873
1637844935.859873
1637844935.859873
1637844935.859873
1637844935.859873
1637845016.1060462
1637845016.1060462
1637845016.1060462
1637845016.1060462
1637845016.1060462
1637845016.1060462
1637845016.1060462
1637845016.1060462
1637845016.1060462
1637845016.1060462
1637845016.1060462
1637845016.1060462
1637845148.1646466
1637845148.1646466
1637845148.1646466
1637845148.1646466
1637845148.1646466
1637845148.1646466
1637845148.1646466
1637845148.1646466
1637845148.1646466
1637845148.1646466
1637845148.1646466
1637845148.1646466
1637850913.5939338
1637850913.5939338
1637850913.5939338
1637850913.5939338
1637850913.5939338
1637850913.5939338
1637850913.5939338
1637850913.5939338
1637850913.5939338
1637850913.5939338
1637850913.5939338
1637851216.9933133
1637851216.9933133
1637851216.9933133
1637851216.9933133
1637851216.9933133
1637851216.9933133
1637851216.9933133
1637851216.9933133
1637851216.9933133
1637851216.9933133
1637859320.0404012
1637859320.0404012
1637859320.0404012
1637859320.0404012
1637859320.0404012
1637859320.0404012
1637859320.0404012
1637859320.0404012
1637859320.0404012
1637859320.0404012
1637859393.9883912
1637859393.9883912
1637859393.9883912
1637859393.9883912
1637859393.9883912
1637859393.9883912
1637859393.9883912
1637859393.9883912
1637859393.9883912
1637859393.9883912
1637859393.9883912
1637859432.6303964
1637859432.6303964
1637859432.6303964
1637859432.6303964
1637859432.6303964
1637859432.6303964
1637859432.6303964
1637859432.6303964
1637859432.6303964
1637859432.6303964
1637859432.6303964
1637859432.6303964
1637860150.2739735
1637860150.2739735
1637860150.2739735
1637860150.2739735
1637860150.2739735
1637860150.2739735
1637860150.2739735
1637860150.2739735
1637860150.2739735
1637860150.2739735
1637930255.9928923
1637930255.9928923
1637930255.9928923
1637930255.9928923
1637930255.9928923
1637930255.9928923
1637930255.9928923
1637930255.9928923
1637930255.9928923
1637930255.9928923
1637933828.8687077
1637933828.8687077
1637933828.8687077
1637933828.8687077
1637933828.8687077
1637933828.8687077
1637933828.8687077
1637933828.8687077
1637933828.8687077
1637933828.8687077
1638474664.5217144
1638474664.5217144
1638474664.5217144
1638474664.5217144
1638474664.5217144
1638474664.5217144
1638474664.5217144
1638474664.5217144
1638474664.5217144
1638474664.5217144
1638474664.5217144
1638474822.128711
1638474822.128711
1638474822.128711
1638474822.128711
1638474822.128711
1638474822.128711
1638474822.128711
1638557162.9082434
1638557162.9082434
1638557162.9082434
1638557162.9082434
1638557162.9082434
1638557162.9082434
1638557162.9082434
1638557162.9082434
1638557162.9082434
1638557162.9082434
1638557227.0948894
1638557227.0948894
1638557227.0948894
1638557227.0948894
1638557227.0948894
1638557500.502581
1638557500.502581
1638557500.502581
1638557500.502581
1638557500.502581
1638557500.502581
1638557500.502581
1638557500.502581
1638557500.502581
1638557500.502581
1638557500.502581
1638557500.502581
1638557673.5532107
1638557673.5532107
1638557673.5532107
1638557673.5532107
1638557673.5532107
1638557673.5532107
1638557673.5532107
1638557673.5532107
1638557673.5532107
1638557673.5532107
1638557673.5532107
1638557673.5532107
1638557673.5532107
1638557673.5532107
1638557673.5532107
1638557673.5532107
1638557673.5532107
1638557673.5532107
1638643859.4289382
1638643859.4289382
1638643859.4289382
1638643859.4289382
1638643859.4289382
1638643859.4289382
1638643859.4289382
1638643859.4289382
1638643859.4289382
1638643859.4289382
1638643859.4289382
1638643859.4289382
1638643859.4289382
1638643859.4289382
1638643859.4289382
1638643859.4289382
1638643859.4289382
1645860310.072342
1645860310.072342
1645860310.072342
1645860310.072342
1645860310.072342
1645860310.072342
1645860310.072342
1645860310.072342
1645860310.072342
1645860310.072342
1647174762.4628654
1647174762.4628654
1647174762.4628654
1647174762.4628654
1647174762.4628654
1647174762.4628654
1647174762.4628654
1647174762.4628654
1647174762.4628654
1647174762.4628654
1647176997.2911174
1647176997.2911174
1647176997.2911174
1647176997.2911174
1647176997.2911174
1647176997.2911174
1647176997.2911174
1647176997.2911174
1647176997.2911174
1647176997.2911174
1647256283.0218475
1647256283.0218475
1647256283.0218475
1647256283.0218475
1647256283.0218475
1647256283.0218475
1647256283.0218475
1647256283.0218475
1647256283.0218475
1647256283.0218475
1647256283.0218475
1647256623.9352355
1647256623.9352355
1647256623.9352355
1647256623.9352355
1647256623.9352355
1647256623.9352355
1647256623.9352355
1647256623.9352355
1647256623.9352355
1647256623.9352355
