1637529355.7618272
1637529355.8618789
1637529355.9463525
1637529356.0464416
1637529356.1622963
1637529356.2623365
1637529356.3846774
1637529356.480463
1637529356.616329
1637529356.7164571
1637529356.8011038
1637529356.9009633
1637529357.032242
1637529357.1477764
1637529357.263506
1637529357.385771
1637529357.4858677
1637529357.632768
1637529357.7326226
1637529357.8326714
1637529357.917301
1637756338.106196
1637756338.2071345
1637756338.3200645
1637756338.4279985
1637756338.531936
1637756338.639869
1637756338.743805
1637756338.8477454
1637756338.95421
1637756339.0651433
1637756446.9633305
1637756447.0612717
1637756447.1522157
1637756447.2441556
1637756447.3361018
1637756447.4504564
1637756447.5423937
1637756447.6343372
1637756447.7292771
1637756447.8202217
1637756472.7812297
1637756472.874171
1637756472.963117
1637756473.0920386
1637756473.1420057
1637756473.2742
1637756473.3661435
1637756473.4596004
1637756473.5605392
1637756473.6654751
1637756890.0203512
1637756895.448905
1637756895.5658698
1637756895.6648104
1637756895.766751
1637756895.8597195
1637756895.9536588
1637756896.0456033
1637756896.1395462
1637756896.2334864
1637756896.3244302
1637756899.0636854
1637756899.1536286
1637756899.2475722
1637756899.3405156
1637756899.432458
1637756899.526399
1637756899.632335
1637756899.7242787
1637756899.8262162
1637756899.9191573
1637756923.069144
1637756923.2010617
1637756923.3329804
1637756923.4289227
1637756923.6192758
1637756923.7252111
1637756923.832144
1637756923.9300838
1637756924.033021
1637756924.1289606
1637756924.2554417
1637758422.423725
1637758422.515667
1637758422.6086116
1637758422.7161524
1637758422.811186
1637758422.9031298
1637758422.9950743
1637758423.0900164
1637758427.4877949
1637758427.7586272
1637758427.855568
1637758427.9495118
1637758428.093051
1637758428.185994
1637758428.2769387
1637758428.369881
1637758428.4648223
1637758428.5577645
1637758428.650709
1637758917.3554497
1637767734.1595635
1637767734.256533
1637767734.3769357
1637767734.537837
1637767734.701733
1637767734.8276572
1637767734.9185998
1637767735.0125418
1637767735.1054862
1637767735.2074215
1637767735.3163562
1637767735.4192924
1637767735.5317311
1637768756.2689104
1637768756.3608532
1637768756.4547958
1637768756.547738
1637768756.6436791
1637768756.735622
1637768756.845557
1637768756.9424953
1637768757.0474293
1637768757.1433725
1637768761.0441523
1637768761.4886665
1637768765.1385777
1637769091.9151595
1637769168.5507286
1637769168.6436718
1637769168.9085104
1637769195.89219
1637769195.9841335
1637769196.4518447
1637769196.5457888
1637769196.6377316
1637769196.7356699
1637769196.8678265
1637769198.0670474
1637769198.1589887
1637769198.2509336
1637769198.3448741
1637769198.4388585
1637769198.5308733
1637769198.630809
1637769199.5592363
1637769199.6671727
1637769200.981722
1637769201.0766633
1637769203.9115915
1637769204.0075343
1637769204.1164653
1637769204.213407
1637769205.8643873
1637769206.083253
1637769206.5519638
1637769206.7748268
1637769206.9727278
1637769207.884166
1637769208.0610578
1637769208.2029703
1637769217.4042678
1637769219.9332848
1637769225.781488
1637769225.949383
1637769226.4650652
1637769234.5808039
1637769252.9094808
1637769658.7084837
1637769658.81231
1637769663.6419306
1637769666.6812541
1637769666.8806236
1637769667.0739002
1637769667.9570212
1637769669.2596
1637769669.5599809
1637769669.7543435
1637769670.1299803
1637769670.5072205
1637769671.3114939
1637769671.8087375
1637769673.4758198
1637769673.7104723
1637769673.993892
1637769674.367219
1637769674.7580643
1637769674.8628104
1637769675.1602135
1637769675.5330608
1637769824.5569878
1637769852.6938152
1637769853.227488
1637769853.4643414
1637769854.3587897
1637769855.6459968
1637769855.7409382
1637769856.4209511
1637769856.9336362
1637769857.0235822
1637770015.246124
1637770015.3450127
1637770015.4906821
1637770015.6535792
1637770015.9926434
1637770016.1125696
1637770016.217505
1637770016.32044
1637770016.4193797
1637770016.5163198
1637770016.611263
1637770016.7460206
1637770016.8477125
1637770016.953648
1637770019.843625
1637770115.090461
1637770181.1164687
1637770181.6811163
1637770181.8030407
1637770181.9379597
1637770182.0378985
1637770182.1748118
1637770182.3267188
1637770182.4906175
1637770182.589556
1637770182.73147
1637770182.8763788
1637770183.0092976
1637770183.115234
1637770183.2591455
1637770183.4000578
1637770183.5349739
1637770183.6379104
1637770183.7898166
1637770183.973704
1637770184.1106186
1637770184.2525334
1637770184.3964446
1637770184.5653408
1637770184.721244
1637770184.887143
1637770185.0410447
1637770185.1439826
1637770185.2469187
1637770185.3568509
1637770185.4607933
1637770185.5627244
1637770185.7016394
1637770185.8465488
1637770185.990461
1637770186.0913997
1637770186.2333117
1637770186.2932756
1637770186.4032063
1637770186.5031445
1637770186.613076
1637770186.7130213
1637770186.8269525
1637770237.8963287
1637770238.0132544
1637770238.1371782
1637770251.7775502
1637770252.1163406
1637770252.1842997
1637770252.3382041
1637770252.4991055
1637770252.646017
1637770252.792927
1637770252.9428313
1637770253.0607615
1637770253.17669
1637770253.3355906
1637770253.4914944
1637770253.6503968
1637770253.8382795
1637770253.9841895
1637770254.1430938
1637770254.2640178
1637770254.380946
1637770254.5288565
1637770254.6857595
1637770254.8346653
1637770254.9835775
1637770285.9515374
1637770286.0584717
1637770286.1723993
1637770289.2215137
1637770289.511336
1637770292.6074276
1637770292.7163603
1637770292.8289828
1637770293.0418532
1637770293.1537845
1637770293.2657156
1637770293.3866417
1637770293.5115619
1637770293.7564113
1637770293.8723414
1637770294.8827171
1637770296.7475686
1637770297.6220303
1637770298.0567603
1637770299.2850428
1637770300.5717618
1637770301.0184867
1637770301.347284
1637770302.640487
1637770302.7504215
1637770303.7955627
1637770305.8443
1637770310.4144833
1637770310.8612094
1637770310.9771366
1637770311.0930648
1637770332.0119886
1637770336.429816
1637770336.5817256
1637770336.7266345
1637770337.7150252
1637770337.857936
1637770337.9650655
1637770375.6494439
1637770375.9202762
1637770558.2355106
1637770558.4153988
1637770558.545319
1637770558.8801136
1637770559.0969777
1637770559.1899216
1637770559.2838645
1637770559.381802
1637770559.4757445
1637770559.5676894
1637770648.328095
1637770648.4210417
1637770648.5149825
1637770648.607923
1637770648.7018664
1637770648.7949994
1637770648.8869414
1637770648.9818828
1637770649.0768259
1637770649.1677697
1637770652.1240368
1637770654.92535
1637770654.9743173
1637770655.07026
1637770655.1642005
1637770655.257145
1637770655.351086
1637770655.4460287
1637770655.5449681
1637770655.63991
1637774454.8663192
1637774454.9882443
1637774455.1031754
1637774455.2191021
1637774455.3320324
1637774455.4469671
1637774455.5638921
1637774455.6748223
1637774455.806744
1637774455.9226685
1637783009.0196536
1637783035.5346494
1637783035.7835014
1637783038.2079346
1637783038.6546733
1637783038.7486155
1637783039.920937
1637783040.0248744
1637783040.1198173
1637783040.2177553
1637783040.4041662
1637783043.149102
1637783043.5228698
1637783043.6218116
1637783046.676678
1637783046.7746153
1637783046.8715568
1637783047.6721992
1637783047.7674258
1637783048.042912
1637783048.3178468
1637783048.5891874
1637783049.1608348
1637783049.3442333
1637783053.2248616
1637783053.322309
1637783065.4289777
1637783065.8472958
1637783066.6887777
1637783067.4911046
1637783069.0422325
1637783069.1374054
1637783069.6260297
1637783071.3277194
1637783071.7272713
1637783072.9842925
1637783073.1692133
1637783074.0329607
1637783074.1289074
1637783075.1518738
1637783076.5463119
1637783076.9044414
1637783078.0393052
1637783078.9260752
1637783079.5081537
1637783079.7400167
1637783080.3182516
1637783081.6550138
1637783083.6057208
1637783083.951543
1637783088.3309054
1637783090.4117904
1637783090.6346624
1637783242.8947632
1637783242.9937036
1637783243.092122
1637783243.1870632
1637783670.7356253
1637783670.8325648
1637783670.9325027
1637783671.0284536
1637783671.1409597
1637783671.2404108
1637783671.3363574
1637783671.4382963
1637783671.538235
1637783671.6331751
1637783674.3725026
1637783678.4107819
1637783678.508721
1637783678.6446393
1637783678.6956077
1637783678.7937772
1637783678.892143
1637783678.9891787
1637783679.104108
1637783679.2050455
1637783852.1319923
1637785124.2317412
1637785125.1534023
1637785125.256338
1637785134.797112
1637785135.032969
1637785135.449711
1637785510.535151
1637785872.555367
1637785880.7764235
1637785880.8953488
1637785881.012277
1637785881.1352043
1637785881.2851083
1637785881.358065
1637785881.5189643
1637785881.5989168
1637785881.7621765
1637785881.8431263
1637786075.4193141
1637786075.513254
1637786075.6081955
1637786075.703137
1637786075.7947671
1637786075.893706
1637786075.986647
1637786076.0815895
1637786076.1755326
1637786076.2754703
1637786132.6589992
1637786132.7099686
1637786132.8051612
1637786132.9030585
1637786132.9990976
1637786133.0950365
1637786133.1879795
1637786133.2839198
1637786133.3808613
1637786133.4758024
1637786137.304414
1637786140.413594
1637786140.508534
1637786140.604473
1637786140.6968436
1637786140.8267648
1637786140.9127114
1637786140.974674
1637786141.1045916
1637786141.1565616
1637786994.4481244
1637786994.56905
1637786994.6939733
1637786994.8308892
1637786994.954813
1637786995.075739
1637786995.1926687
1637786995.3175883
1637786995.4425113
1637786995.5594413
1637843254.2159753
1637843254.390869
1637843732.781586
1637843800.9820595
1637843801.081999
1637843801.1789463
1637843801.2738798
1637843801.3698227
1637843801.4667604
1637843801.5607028
1637843801.6556437
1637843801.7535832
1637843801.8835044
1637843866.125457
1637843866.2193995
1637843866.3173404
1637843866.4222727
1637843866.5312052
1637843866.6291454
1637843866.7250865
1637843866.8200278
1637843866.913971
1637843867.0099108
1637843875.1963634
1637843875.318288
1637843875.4202259
1637843875.5171661
1637843875.6151054
1637843875.7143455
1637843875.8093843
1637843875.9033267
1637843876.000267
1637843876.1022038
1637843883.9759538
1637843884.1108704
1637843884.164835
1637843884.267772
1637843884.373706
1637843884.4746451
1637843884.5725849
1637843884.669524
1637843884.7654643
1637843884.8614066
1637843898.0174053
1637843898.150323
1637843899.6993668
1637843899.8053029
1637843899.900242
1637843899.995185
1637843900.1271021
1637843900.2260416
1637843900.3199852
1637843900.4159255
1637843904.9523537
1637843905.0502942
1637843905.146235
1637843905.2491715
1637843905.3471096
1637843905.4440496
1637843905.5389926
1637843905.6359315
1637843905.7348716
1637843905.8418036
1637844065.6181135
1637844065.792007
1637844065.971895
1637844066.171772
1637844066.3506608
1637844066.5045934
1637844066.6994731
1637844066.8833597
1637844067.0982275
1637844067.6738732
1637844077.9475863
1637844078.6501532
1637844079.310746
1637844080.006317
1637844080.2361722
1637844080.408067
1637844080.56497
1637844080.723384
1637844080.8777974
1637844081.053199
1637844939.6336763
1637844939.7337158
1637844939.835653
1637844939.9455872
1637844940.046528
1637844940.1484623
1637844940.2523985
1637844940.3583317
1637844940.4602692
1637844940.5632067
1637845026.398406
1637845026.4543695
1637845026.55331
1637845026.6522498
1637845026.7531853
1637845026.8591223
1637845026.962059
1637845027.0639927
1637845027.1669314
1637845027.2668686
1637845038.818655
1637845038.9655623
1637845039.3113518
1637845039.5032327
1637845039.6021695
1637845039.7051063
1637845039.8070426
1637845039.9089804
1637845040.00792
1637845040.106858
1637845148.5498784
1637845148.8973367
1637845149.2359464
1637845149.7529352
1637845150.2542958
1637845150.6016886
1637845150.9558423
1637845151.3200169
1637845151.6889083
1637845152.0433798
1637845171.3642764
1637845171.4602158
1637845171.5521598
1637845171.6451025
1637845171.7390444
1637845171.8329868
1637845171.9389207
1637845172.0358627
1637845172.1288059
1637845172.2512653
1637845213.0884466
1637845213.18139
1637845213.2753317
1637845213.3682752
1637845213.463216
1637845213.591135
1637845213.642103
1637845213.7350478
1637845213.8289897
1637845213.9579084
1637845222.7596626
1637845232.4133732
1637845232.507317
1637845232.6972
1637845232.7991354
1637845232.89208
1637845232.986023
1637845233.0799627
1637845233.1749039
1637845233.270846
1637845233.4427383
1637850917.0510423
1637850941.179984
1637850941.3198974
1637850941.433827
1637850941.549755
1637850941.6596887
1637850941.7826126
1637850941.9075344
1637850942.0214646
1637850942.1483855
1637850942.270313
1637851234.0571158
1637851234.1670475
1637851234.279979
1637851234.3949075
1637851234.5138357
1637851234.624766
1637851234.7416928
1637851234.8596196
1637851234.9955363
1637851235.1074667
1637859324.1587086
1637859324.280632
1637859324.399562
1637859324.5164886
1637859324.6294162
1637859324.7513406
1637859324.8642712
1637859324.9822004
1637859325.116117
1637859325.2570288
1637859403.2794375
1637859403.3783755
1637859403.4793136
1637859403.5772603
1637859403.7101762
1637859403.8301013
1637859403.9480302
1637859404.0469682
1637859404.1469064
1637859404.2428482
1637859444.2684293
1637859444.3623726
1637859444.4593134
1637859444.5602486
1637859444.6601877
1637859444.762124
1637859444.8570652
1637859444.953008
1637859445.0499468
1637859445.1478891
1637859457.624863
1637859457.6888256
1637859457.797757
1637859457.9036915
1637859457.997635
1637859458.090578
1637859458.1875188
1637859458.2804613
1637859458.3734024
1637859458.4723415
1637860154.6921294
1637860154.7880702
1637860154.9409752
1637860155.009931
1637860155.1188636
1637860155.253783
1637860155.3837
1637860155.5116234
1637860155.5625901
1637860155.6555352
1637933836.3585064
1637933836.454448
1637933836.544391
1637933836.6313372
1637933836.7222817
1637933836.8102276
1637933836.890177
1637933836.9751253
1637933837.0590744
1637933837.153015
1638474673.432834
1638474687.066765
1638474687.13672
1638474687.2076774
1638474687.282629
1638474687.4008813
1638474687.4968228
1638474687.530803
1638474687.6197445
1638474687.6537268
1638474687.739671
1638474833.1458464
1638474833.2307928
1638474833.3167393
1638474833.4946296
1638474836.4868157
1638557504.1461256
1638557504.252059
1638557504.351998
1638557504.448939
1638557504.543882
1638557504.6348252
1638557504.724769
1638557504.8097172
1638557504.9076583
1638557504.9906065
1638557691.622717
1638557692.4612017
1638557692.5551445
1638557692.6400938
1638557716.1818056
1638557728.1344774
1638557735.624582
1638557735.7225215
1638557735.8094678
1638557735.9034111
1638557735.9973543
1638557736.0892963
1638557736.1792421
1638557736.2721848
1638557736.3781197
1638557786.3089201
1638557786.506798
1638557786.6267252
1638557786.7206664
1638557795.5000107
1638557795.5929546
1638557795.6898954
1638557795.7768424
1638557795.87578
1638557795.9727225
1638557813.436494
1638557813.5274372
1638557813.623378
1638557813.716323
1638557813.8092668
1638557813.9082055
1638557813.9991498
1638557814.0870998
1638557814.1900306
1638557814.2799757
1638643864.4358149
1638643864.5077696
1638643864.578728
1638643864.6516814
1638643864.7226381
1638643864.7995906
1638643864.8685493
1638643864.9405057
1638643865.0116084
1638643865.0876644
1638643891.9997022
1638643892.0716588
1638643892.1446128
1638643892.2155695
1638643892.2875247
1638643892.35948
1638643892.4304378
1638643892.5003936
1638643892.5813437
1638643892.6562986
1647176810.5566626
1647177000.9238536
1647177001.0068038
1647177001.0947485
1647177001.1786966
1647177001.2746372
1647177001.3615842
1647177001.470517
1647177001.5624604
1647177001.6484087
1647177001.7343562
